21.4
19.8
15.1
33.7
27.5
19.1
9.7
8.6
15.4
27.1
6.8
11.9
31.3
11.3
15.5
11.7
7.6
4.3
20.7
15.9
9
21.2
12.1
17.8
24.8
13
10.6
17.4
12.4
26.3
10.9
24.6
7.5
12.5
8.9
9.2
16
11.8
20.8
20.1
17.2
17.4
14.9
22.2
13.8
18.3
14.6
8.9
11.1
10.4
12.3
14.2
16
17.4
14.1
17.6
15.4
7.9
20.1
19.4
28.8
12.2
9.7
10.9
22.8
14.9
14.4
10.9
14.2
14.8
11.9
12.4
13.7
14.2
12.3
10.9
14.1
11.7
13.1
29.4
12.2
10.9
18.3
13.5
12.6
11.1
5.3
7.7
18.4
13
2
19.7
10.4
13.4
0
0
15
38.9
14.6
23.3
13.3
13.4
12.1
11.6
28.3
7.6
19
13.9
38.7
20.4
11.6
33.5
10.2
20.1
12.7
3.6
11.3
9.5
14.1
12.4
13.8
12.6
12.1
20.1
20.8
8.3
50.4
8.3
20.8
4.1
11.5