22.8
20.9
17.3
14.4
16.7
15.6
16.7
13
13.9
24.8
16.8
13.1
12.4
18.1
20.5
17.2
12.4
10.6
21.5
20.9
15.6
19.7
14.6
21
17.9
17
17.2
20.8
20
22.5
10.6
21.9
9.4
16.9
25.4
17.4
17.6
17.9
16.4
21.8
12.5
23
13.7
21.1
16.9
18
19
21.4
16.7
18.9
19.2
18.9
16.8
18.2
20.4
18.2
21.9
11.3
6.5
12.9
19.5
15.6
12.1
17.6
22.2
18.1
30.3
20
13.3
18.8
15.1
15.1
15.7
14.3
15.9
15.8
16.2
13.2
18.9
14.3
16.5
17.3
22.4
18.2
18.3
13.3
31.4
18.3
20
16
30.7
20.4
16.2
15.1
22.2
43.6
18.5
12.9
13.8
18.1
16.9
16.7
11
19.2
29.9
14.1
7
22.6
3.7
17.9
15.8
1.6
14.5
20.8
13
7.9
8.5
12.6
11.5
17.9
0.1
14.6
11.7
19.2
15.5
11.5
5.5
38
23.5
0.4
6.2