23.3
22.6
23.1
11.2
21.3
23.9
20
22.7
22.7
27.3
15.5
18.3
17.3
23.8
21.3
16.7
18.4
33.9
24.8
28.8
17.7
17.6
20.3
9.8
21.1
23.6
0
25.3
28.4
19.6
20.3
22.9
40.9
21.4
31.9
26.7
18.4
21.5
20.6
25.4
19.2
23.2
32.1
21.7
20.9
21.4
26.7
31.1
20.1
30.1
12.3
24
33.4
23.1
22
22.7
19.5
17.4
34.3
22.3
19.3
20.5
22.8
20.2
19.7
20.8
32.8
28.9
17.9
21.9
20.7
21.6
23
20.5
20.7
22.4
20.4
22
27.5
18.1
20.6
23.4
14.7
29.7
22.8
20.3
28.7
25.7
17.4
20.1
38.4
16.9
15.1
18.1
28.1
44.5
24
9.6
19.1
6.4
23.4
21.1
20.1
27.5
31.4
23.9
7.8
22.3
9.1
7.5
20.5
0
26.3
20.5
26.1
51.7
24.8
17.5
19
17.6
37.6
16.2
16.2
18
20.4
18.8
8
14.8
22.9
13.4
31