18.1
19.5
19.9
18.1
15.8
25.8
25.3
24.2
19.1
12.5
16.5
29.9
21.7
23.4
18
26.6
23.1
19.5
15.5
16.2
23.5
16.1
18.4
28.2
20.8
21.7
72.2
17.6
17.3
15.2
18.8
17.8
4.9
20.8
13
31.8
24.4
22.1
19.4
18
26.6
20.9
17.9
18.5
21.6
18.3
19.6
25.6
22.9
21.6
27.8
21.3
8.7
20.2
18.5
19
22.8
25.3
35.4
17
19.4
21
22.9
19.6
19.5
19.8
6
19.2
19.4
19.5
22.5
21.4
20.2
29
23.2
20.9
21
22.3
16.1
30.6
21.7
18.4
25
19.5
17.7
20.4
7.5
31.7
21.6
23.2
25
23.2
29.3
27
27.4
11.8
17.6
20.9
19.9
25.9
18.8
21.5
25.1
17
0
27.2
34.7
19
0
27.6
25.7
5.7
24.2
17.1
13.9
15.5
41.6
28.4
25.6
27.5
29.9
17.9
30.1
25.2
18.8
22.3
36
5.3
16.4
52.5
29.7