8.1
11.2
16.1
14.3
11.5
12.7
18.4
23.1
16.6
2.9
30.1
12.9
12.6
13.9
15.2
18.2
19.7
16.6
12
10.8
21.3
14.4
21.3
4.9
5.1
15.8
0
10.5
12.4
10.9
21.8
7.6
17.4
18.8
7.7
0
15.6
17.3
14.1
6.1
16.9
10.8
13.3
10.6
16.3
14.6
13
11.9
13.1
11.9
18.2
12.8
20.5
11.8
14.1
16.8
13.5
22.5
3.8
16.8
7
19.1
16.4
18.1
12.1
15.5
13.8
16.3
16
12.6
16.1
14
16.4
16.7
15.3
16.5
16.1
17.4
17.7
2.2
15.9
16.5
14.4
10.7
16
16.3
17.7
8.7
5.5
17.8
0
13.6
19.4
12.5
11.4
0.1
14.8
13.6
17.7
17.3
15.4
15.1
12.3
10.8
0
18.4
0
14.2
0
11.5
14.4
10.2
12
14.7
10.4
3
2.9
17.3
16.5
10.9
0
18.1
22.5
12
14.6
20.5
0
10.8
4.8
16.7
9.8