6.3
6.1
8.6
8.3
7.2
2.8
9.9
8.4
12.3
5.4
14.3
13.8
4.7
9.5
9.4
9.6
18.9
15
5.6
7.3
12.7
10.9
13.3
18.3
10.3
8.9
0
8.5
9.6
5.5
17.6
5.2
19.9
9.5
13.1
14.9
8.1
9.5
8.8
8.6
7.6
4.6
8.2
5.9
10.7
9.3
7.1
1.1
16.2
7.2
10.3
8.8
4.6
9.3
11
5.7
6.9
15.5
0
11.6
6
11.6
16.1
13.6
3.7
11
2.7
4.7
19.3
12.4
13.6
15.4
11.1
5.3
12.6
13.5
12.2
13.3
6.7
5.4
13.3
13.5
5.3
8.4
12.7
18.6
9.5
7.8
17.2
9.9
3.9
6.2
9.6
14
10.9
0
10.1
4.1
15
9.1
12.1
12.2
19.4
14
10.4
8.8
31.5
8
48.5
15
12
49.1
12.8
6.7
24
18.3
10.9
14.7
13.4
13.7
18.7
20.7
7.5
5.5
10
18.7
0
22.8
11.6
12.8
11.8