45.4
46.7
41.3
58.1
49.1
51.7
37.3
35.7
38.7
51.6
71.4
33.9
63.9
41.5
41.5
51
37.2
53.4
47.7
42.4
31.9
69.1
57.2
44.7
46.7
41.2
44.7
43.5
41.5
43.6
42.4
43.6
46.9
41.2
47
79.7
38.7
32.5
53.3
48.6
37.6
49.7
56.8
56.1
43.7
47.9
39.6
31.9
58.7
44.4
45.1
52.5
71.1
48.8
55.4
47.3
57.9
51.1
22.3
71.7
47.7
39.5
54.4
55.8
59.2
62.1
70
59.9
56.2
55.4
57.3
56.5
58.7
67
55.9
58.9
58.1
56.3
67.8
63
55.8
56.6
54.9
62.9
58.2
58.5
57.7
57.6
70.1
51.6
34.4
60.6
42.5
70.8
65.7
68.6
54.6
43.9
52.7
57.1
59.5
57
61.2
49.7
93.3
32.9
44.4
34
61.3
44.4
59.4
56.6
37.9
56.9
50.2
34.6
35.9
40.1
37.8
34
25.3
38.2
38.9
49.8
58.1
50
71.9
41.9
57.1
46.7
38.4